00000
00000
00000
00000
00000
00000
00000
00100
00100
00100
00100
00100
00000
00100
01010
01010
00000
00000
00000
00000
00000
01010
01010
11111
01010
11111
01010
01010
00100
01111
10100
01110
00101
11110
00100
01001
10110
01010
00100
01010
01101
10010
00100
01010
01010
01100
10101
10010
01101
01000
01000
00000
00000
00000
00000
00000
01100
10000
10000
10000
10000
10000
01100
00110
00001
00001
00001
00001
00001
00110
10101
01110
11111
01110
10101
00000
00000
00000
00100
00100
11111
00100
00100
00000
00000
00000
00000
00000
00000
00100
01000
00000
00000
00000
00000
00000
00000
01000
00001
00010
00010
00100
01000
01000
10000
01110
10001
10001
10001
10001
10001
01110
00100
01100
00100
00100
00100
00100
01110
01110
10001
00001
00010
00100
01000
11111
01110
10001
00001
01110
00001
10001
01110
00010
00110
01010
10010
11111
00010
00010
11111
10000
10000
11110
00001
10001
01110
00100
01000
10000
11110
10001
10001
01110
11111
10001
00001
00010
00010
00100
00100
01110
10001
10001
01110
10001
10001
01110
01110
10001
10001
01111
00001
00010
00100
00000
01000
01000
00000
01000
01000
00000
00000
01000
01000
00000
01000
01000
10000
00000
00011
01100
10000
01100
00011
00000
00000
00000
11111
00000
11111
00000
00000
00000
11000
00110
00001
00110
11000
00000
01110
10001
00001
00010
00100
00000
00100
01110
10001
10101
11011
10111
10000
01110
00100
01010
01010
01010
10001
11111
10001
11110
10001
10001
11110
10001
10001
11110
01110
10001
10000
10000
10000
10001
01110
11100
10010
10001
10001
10001
10010
11100
11111
10000
10000
11111
10000
10000
11111
11111
10000
10000
11110
10000
10000
10000
01110
10001
10000
10000
10111
10011
01101
10001
10001
10001
11111
10001
10001
10001
01110
00100
00100
00100
00100
00100
01110
01110
00100
00100
00100
00100
10100
01000
10001
10010
10100
11000
11100
10010
10001
10000
10000
10000
10000
10000
10000
11111
10001
11011
11011
11011
10101
10101
10101
10001
11001
11001
10101
10011
10011
10001
01110
10001
10001
10001
10001
10001
01110
11110
10001
10001
11110
10000
10000
10000
01110
10001
10001
10001
10101
10010
01101
11110
10001
10001
11110
10100
10010
10001
01110
10001
10000
01110
00001
10001
01110
11111
00100
00100
00100
00100
00100
00100
10001
10001
10001
10001
10001
10001
01110
10001
10001
10001
01010
01010
01010
00100
10101
10101
10101
11011
11011
11011
10001
10001
01010
01010
00100
01010
01010
10001
10001
01010
01010
00100
00100
00100
00100
11111
00001
01010
00100
01010
10000
11111
11100
10000
10000
10000
10000
10000
11100
10001
01010
01010
11111
00100
11111
00100
00111
00001
00001
00001
00001
00001
00111
00100
01010
10001
00000
00000
00000
00000
00000
00000
00000
00000
00000
00000
11111
01000
00100
00000
00000
00000
00000
00000
00000
01110
10001
00001
01111
10001
01111
10000
10000
10000
11110
10001
10001
11110
00000
00000
01110
10001
10000
10001
01110
00001
00001
00001
01111
10001
10001
01111
00000
00000
01110
10001
11111
10000
01110
00110
01001
01000
11110
01000
01000
01000
00000
01111
10001
01111
00001
10001
01110
10000
10000
10000
10110
11001
10001
10001
00000
00100
00000
00100
00100
00100
00100
00000
00010
00000
00010
00010
10010
01100
10000
10000
10001
10010
10100
11010
10001
00100
00100
00100
00100
00100
00100
00100
00000
00000
00000
11010
10101
10101
10101
00000
00000
00000
10110
11001
10001
10001
00000
00000
01110
10001
10001
10001
01110
10110
11001
11001
10110
10000
10000
10000
01101
10011
10011
01101
00001
00001
00001
00000
00000
10011
10100
11000
11000
10000
00000
00000
01111
10000
01110
00001
11110
00000
00100
00100
11111
00100
00100
00100
00000
00000
00000
10001
10001
10011
01101
00000
00000
00000
10001
10001
01010
00100
00000
00000
00000
10101
10101
10101
01010
00000
00000
10001
01010
00100
01010
10001
00000
00000
10001
01010
00100
01000
10000
00000
00000
11111
00010
00100
01000
11111
00011
00100
01000
11000
01000
00100
00011
01000
01000
01000
01000
01000
01000
01000
11000
00100
00010
00011
00010
00100
11000
00000
00000
01000
10101
00010
00000
00000